eve_23
0030
0040
0060
0070
0080
0090
0100
0100b
0115
0130
0135
0140b
0160
0160b
0170
0170b
0180
0210
0220
0230
0260
0250
0270
0280
0300
0310
0310
0310b
0310
0310b
0310c
0345
0345b
0350
0355
0355b
0355c
0360
0365
0380
0390
0400
0400b
0400a
0400b
0400c
0400d
0410
0420
0420b
0425
0430
0440
0460
0465
0500
0530
0580
0590
1020
1030
007
1035
007
1035b
007
1035c
1040
1050
1060
1060
1060b
1060
1060b
1060c
1060
1060b
1060c
1060d
1060
1060b
1060c
1060d
1060e
1070
1070b
1090
1110
1120
1130
1140
1150
1150b
1160
1170
1190
1190b
1200
1210
1220
1227
1240
1250
1260
1265
1270
1270
1270b
1270
1270b
1270c
1300
1320
1340
1350
1360
1360b
1387
1390
1400
1410
1410
1410b
1420
1430
1440
1460
1490
0600
0610
0620
0630
0645
0650
0650b
0650c
1500
1510
1520
1530
1530b
1570
1580
1580
1580b
1590
2000
2020
2030
2030
2030b
3010
3010b
3040
3045
3060
3070
3070b
